{
  "nbformat": 4,
  "nbformat_minor": 0,
  "metadata": {
    "colab": {
      "provenance": []
    },
    "kernelspec": {
      "name": "python3",
      "display_name": "Python 3"
    },
    "language_info": {
      "name": "python"
    }
  },
  "cells": [
    {
      "cell_type": "code",
      "source": [
        "import numpy as np\n",
        "import linecache"
      ],
      "metadata": {
        "id": "yYsu_aBhDMNu"
      },
      "execution_count": null,
      "outputs": []
    },
    {
      "cell_type": "code",
      "execution_count": null,
      "metadata": {
        "id": "iWilFJOVia3T"
      },
      "outputs": [],
      "source": [
        "line_positions = []\n",
        "line_numbers = []\n",
        "lines = []\n",
        "\n",
        "search_text = \"M rows = ARNDCQEGHILKMFPSTWYV, cols = ARNDCQEGHILKMFPSTWYV\"\n",
        "with open(\"aaindex3.txt\") as f: \n",
        "    for lineno, line in enumerate(f): \n",
        "        if search_text in line: \n",
        "          line_positions.append(lineno)\n",
        "\n",
        "for num in line_positions:\n",
        "  for k in range(num+2,num+22): ## 9 +20 (because of 20 amino acid values)\n",
        "    line_numbers.append(k) \n",
        "\n",
        "\n",
        "line_numbers = np.array(line_numbers).reshape(-1, 20)    \n",
        "\n",
        "Edge_array = np.zeros((47,20, 20))  \n",
        "#for anum in range(47):\n",
        " # globals()[f\"Edge_array_{anum}\"] = np.zeros((20, 20))\n",
        "\n"
      ]
    },
    {
      "cell_type": "code",
      "source": [
        "line_numbers.shape"
      ],
      "metadata": {
        "colab": {
          "base_uri": "https://localhost:8080/"
        },
        "id": "bv32ve6O0lzp",
        "outputId": "bfb932e2-1a4c-48c5-a63b-6bc8d6da943e"
      },
      "execution_count": null,
      "outputs": [
        {
          "output_type": "execute_result",
          "data": {
            "text/plain": [
              "(47, 20)"
            ]
          },
          "metadata": {},
          "execution_count": 145
        }
      ]
    },
    {
      "cell_type": "code",
      "source": [
        "line_numbers[0]"
      ],
      "metadata": {
        "colab": {
          "base_uri": "https://localhost:8080/"
        },
        "id": "b52Jnxx_1O44",
        "outputId": "3563af98-38ea-4bc5-c0ba-85a692961b44"
      },
      "execution_count": null,
      "outputs": [
        {
          "output_type": "execute_result",
          "data": {
            "text/plain": [
              "array([ 9, 10, 11, 12, 13, 14, 15, 16, 17, 18, 19, 20, 21, 22, 23, 24, 25,\n",
              "       26, 27, 28])"
            ]
          },
          "metadata": {},
          "execution_count": 146
        }
      ]
    },
    {
      "cell_type": "code",
      "source": [
        "k = 0\n",
        "for matricind in line_numbers:\n",
        "  i = 0\n",
        "  for seq in matricind:\n",
        "    x = linecache.getline(r\"aaindex3.txt\", seq).strip()\n",
        "\n",
        "    for j in range(20):\n",
        "      if (j < (len(x.split()))):\n",
        "        if(x.split()[j] == \"NA\"):\n",
        "          Edge_array[k][i][j] = 0 \n",
        "          \n",
        "        else:\n",
        "          Edge_array[k][i][j] = float(x.split()[j])    \n",
        "\n",
        "   \n",
        "\n",
        "      #print(i,j)\n",
        "    i = i+1\n",
        "  k = k+1\n",
        "  \n"
      ],
      "metadata": {
        "id": "p5y9MAmdzbSK"
      },
      "execution_count": null,
      "outputs": []
    },
    {
      "cell_type": "code",
      "source": [
        "for k in range(Edge_array.shape[0]):\n",
        "  for i in range(Edge_array.shape[1]):\n",
        "    for j in range(Edge_array.shape[2]):\n",
        "      Edge_array[k][i][j] = Edge_array[k][j][i]        \n"
      ],
      "metadata": {
        "id": "THge_Z-dIPi5"
      },
      "execution_count": null,
      "outputs": []
    },
    {
      "cell_type": "code",
      "source": [
        "for i in range(3):\n",
        "  print(Edge_array[i])\n",
        "\n",
        "\n",
        "#print((Edge_array.shape))  "
      ],
      "metadata": {
        "colab": {
          "base_uri": "https://localhost:8080/"
        },
        "id": "Z4kt_ldJWDc7",
        "outputId": "e18ee4c2-b335-439f-f32b-7aa4601ec225"
      },
      "execution_count": null,
      "outputs": [
        {
          "output_type": "stream",
          "name": "stdout",
          "text": [
            "[[-2.6 -3.4 -3.1 -2.8 -4.2 -3.5 -3.  -3.8 -4.  -5.9 -4.8 -3.1 -4.6 -5.1\n",
            "  -3.4 -2.9 -3.3 -5.2 -4.7 -4.3]\n",
            " [-3.4 -4.3 -4.1 -3.9 -5.3 -4.5 -4.2 -4.5 -4.9 -6.2 -5.1 -3.6 -5.  -5.8\n",
            "  -4.2 -3.8 -4.  -5.8 -5.6 -4.9]\n",
            " [-3.1 -4.1 -3.2 -3.1 -4.9 -3.8 -3.4 -4.  -4.4 -5.8 -4.6 -3.3 -4.2 -5.\n",
            "  -3.6 -3.1 -3.5 -5.3 -5.  -4.3]\n",
            " [-2.8 -3.9 -3.1 -2.7 -4.2 -3.2 -3.3 -3.7 -4.3 -5.4 -4.3 -3.2 -4.3 -4.9\n",
            "  -3.3 -2.7 -3.1 -5.1 -4.7 -4. ]\n",
            " [-4.2 -5.3 -4.9 -4.2 -7.1 -5.  -4.4 -5.4 -5.6 -7.3 -6.2 -4.4 -6.2 -6.8\n",
            "  -5.3 -4.6 -4.8 -6.9 -6.6 -6. ]\n",
            " [-3.5 -4.5 -3.8 -3.2 -5.  -3.4 -3.6 -4.4 -4.7 -5.9 -5.  -3.7 -3.5 -5.3\n",
            "  -4.  -3.6 -3.7 -5.8 -5.2 -4.7]\n",
            " [-3.  -4.2 -3.4 -3.3 -4.4 -3.6 -2.8 -3.8 -4.5 -5.7 -4.6 -3.8 -4.6 -5.\n",
            "  -3.5 -3.2 -3.3 -5.2 -4.9 -4.2]\n",
            " [-3.8 -4.5 -4.  -3.7 -5.4 -4.4 -3.8 -3.9 -4.7 -6.3 -5.2 -3.8 -5.1 -5.6\n",
            "  -4.2 -3.8 -4.1 -5.8 -5.4 -5.1]\n",
            " [-4.  -4.9 -4.4 -4.3 -5.6 -4.7 -4.5 -4.7 -4.9 -6.6 -5.6 -4.1 -5.4 -6.4\n",
            "  -4.5 -4.3 -4.5 -6.5 -6.1 -5.3]\n",
            " [-5.9 -6.2 -5.8 -5.4 -7.3 -5.9 -5.7 -6.3 -6.6 -8.2 -7.5 -5.6 -7.4 -8.\n",
            "  -6.  -5.5 -5.9 -7.8 -7.4 -7.3]\n",
            " [-4.8 -5.1 -4.6 -4.3 -6.2 -5.  -4.6 -5.2 -5.6 -7.5 -6.  -4.6 -6.3 -7.\n",
            "  -4.8 -4.4 -4.8 -6.8 -6.2 -6.2]\n",
            " [-3.1 -3.6 -3.3 -3.2 -4.4 -3.7 -3.8 -3.8 -4.1 -5.6 -4.6 -2.7 -4.7 -4.9\n",
            "  -3.6 -3.  -3.3 -5.  -4.9 -4.2]\n",
            " [-4.6 -5.  -4.2 -4.3 -6.2 -3.5 -4.6 -5.1 -5.4 -7.4 -6.3 -4.7 -5.8 -6.6\n",
            "  -5.1 -4.1 -4.6 -6.9 -6.1 -6. ]\n",
            " [-5.1 -5.8 -5.  -4.9 -6.8 -5.3 -5.  -5.6 -6.4 -8.  -7.  -4.9 -6.6 -7.1\n",
            "  -5.2 -4.7 -5.1 -7.4 -6.6 -6.5]\n",
            " [-3.4 -4.2 -3.6 -3.3 -5.3 -4.  -3.5 -4.2 -4.5 -6.  -4.8 -3.6 -5.1 -5.2\n",
            "  -3.5 -3.4 -3.6 -5.6 -5.2 -4.7]\n",
            " [-2.9 -3.8 -3.1 -2.7 -4.6 -3.6 -3.2 -3.8 -4.3 -5.5 -4.4 -3.  -4.1 -4.7\n",
            "  -3.4 -2.5 -3.3 -5.  -4.7 -4.2]\n",
            " [-3.3 -4.  -3.5 -3.1 -4.8 -3.7 -3.3 -4.1 -4.5 -5.9 -4.8 -3.3 -4.6 -5.1\n",
            "  -3.6 -3.3 -3.1 -5.1 -4.9 -4.4]\n",
            " [-5.2 -5.8 -5.3 -5.1 -6.9 -5.8 -5.2 -5.8 -6.5 -7.8 -6.8 -5.  -6.9 -7.4\n",
            "  -5.6 -5.  -5.1 -6.8 -6.8 -6.5]\n",
            " [-4.7 -5.6 -5.  -4.7 -6.6 -5.2 -4.9 -5.4 -6.1 -7.4 -6.2 -4.9 -6.1 -6.6\n",
            "  -5.2 -4.7 -4.9 -6.8 -6.  -5.9]\n",
            " [-4.3 -4.9 -4.3 -4.  -6.  -4.7 -4.2 -5.1 -5.3 -7.3 -6.2 -4.2 -6.  -6.5\n",
            "  -4.7 -4.2 -4.4 -6.5 -5.9 -5.5]]\n",
            "[[ 36.  20.  39.  36.  15.  34.  27. 115.  25. 119. 174.  55.  26.  62.\n",
            "   33.  64.  70.  38.  65. 101.]\n",
            " [ 20.  14.  34.  35.  13.  29.  34.  58.  17.  33.  47.  20.   9.  32.\n",
            "   20.  44.  36.  15.  45.  44.]\n",
            " [ 39.  34.  22.  31.  21.  30.  27.  80.  25.  51.  63.  39.   7.  27.\n",
            "   22.  42.  46.  21.  50.  50.]\n",
            " [ 36.  35.  31.  24.  10.  17.  38.  83.  32.  43.  60.  54.  13.  32.\n",
            "   23.  37.  38.  24.  52.  53.]\n",
            " [ 15.  13.  21.  10.  48.  13.   9.  53.  11.  33.  49.  14.  11.  32.\n",
            "   24.  28.  22.  17.  43.  53.]\n",
            " [ 34.  29.  30.  17.  13.   7.  19.  75.  17.  29.  53.  32.   1.  21.\n",
            "   23.  44.  28.  22.  32.  46.]\n",
            " [ 27.  34.  27.  38.   9.  19.   9.  54.  24.  35.  53.  70.  12.  22.\n",
            "   17.  41.  28.  15.  40.  39.]\n",
            " [115.  58.  80.  83.  53.  75.  54.  75.  40. 109. 155.  92.  32.  67.\n",
            "   62. 145. 116.  52. 103. 183.]\n",
            " [ 25.  17.  25.  32.  11.  17.  24.  40.   8.  27.  49.  21.   7.  38.\n",
            "   15.  43.  36.  23.  44.  42.]\n",
            " [119.  33.  51.  43.  33.  29.  35. 109.  27.  81. 230.  53.  44. 103.\n",
            "   41.  65.  67.  40.  81. 216.]\n",
            " [174.  47.  63.  60.  49.  53.  53. 155.  49. 230. 167.  86.  58. 175.\n",
            "   46.  93. 110.  68. 105. 306.]\n",
            " [ 55.  20.  39.  54.  14.  32.  70.  92.  21.  53.  86.  20.  21.  32.\n",
            "   34.  51.  50.  20.  64.  67.]\n",
            " [ 26.   9.   7.  13.  11.   1.  12.  32.   7.  44.  58.  21.   6.  20.\n",
            "   16.  14.  16.  17.  19.  52.]\n",
            " [ 62.  32.  27.  32.  32.  21.  22.  67.  38. 103. 175.  32.  20.  53.\n",
            "   19.  36.  39.  41.  45. 114.]\n",
            " [ 33.  20.  22.  23.  24.  23.  17.  62.  15.  41.  46.  34.  16.  19.\n",
            "   11.  38.  32.  19.  42.  58.]\n",
            " [ 64.  44.  42.  37.  28.  44.  41. 145.  43.  65.  93.  51.  14.  36.\n",
            "   38.  34.  69.  31.  71. 106.]\n",
            " [ 70.  36.  46.  38.  22.  28.  28. 116.  36.  67. 110.  50.  16.  39.\n",
            "   32.  69.  29.  20.  53.  79.]\n",
            " [ 38.  15.  21.  24.  17.  22.  15.  52.  23.  40.  68.  20.  17.  41.\n",
            "   19.  31.  20.   7.  32.  62.]\n",
            " [ 65.  45.  50.  52.  43.  32.  40. 103.  44.  81. 105.  64.  19.  45.\n",
            "   42.  71.  53.  32.  33.  85.]\n",
            " [101.  44.  50.  53.  53.  46.  39. 183.  42. 216. 306.  67.  52. 114.\n",
            "   58. 106.  79.  62.  85. 152.]]\n",
            "[[-2.6800e-01  5.2900e-01  1.0000e-02  9.2600e-01 -1.8000e-01  1.7000e-02\n",
            "   9.0200e-01  0.0000e+00 -1.8700e-01 -8.9900e-01 -8.6500e-01  9.2000e-01\n",
            "  -5.2500e-01 -9.6100e-01 -1.4700e+00  2.2000e-02 -1.7700e-01 -1.0520e+00\n",
            "  -8.9900e-01 -6.1700e-01]\n",
            " [ 5.2900e-01  3.7170e+00  1.1530e+00  5.1720e+00  5.0140e+00  1.2120e+00\n",
            "   4.9110e+00  0.0000e+00  1.7590e+00  1.2780e+00  2.9520e+00  4.5140e+00\n",
            "   6.0490e+00  3.9400e-01  9.9000e-02  1.0480e+00  1.0540e+00  2.0690e+00\n",
            "   2.6570e+00  9.4400e-01]\n",
            " [ 1.0000e-02  1.1530e+00  1.3000e-01  1.9210e+00  2.4500e-01  1.4900e-01\n",
            "   1.8350e+00  0.0000e+00  8.8000e-02 -5.7700e-01 -5.4200e-01  1.8080e+00\n",
            "  -2.0200e-01 -6.3800e-01 -1.1480e+00  1.3400e-01  5.3000e-02 -7.3000e-01\n",
            "  -5.7700e-01 -2.9500e-01]\n",
            " [ 9.2600e-01  5.1720e+00  1.9210e+00  6.2710e+00  1.0310e+01  2.0210e+00\n",
            "   6.0520e+00  0.0000e+00  3.3360e+00  3.6430e+00  8.7600e+00  5.2560e+00\n",
            "   1.4958e+01  1.0980e+00  3.2200e-01  1.6600e+00  1.8900e+00  7.2990e+00\n",
            "   8.0690e+00  2.1000e+00]\n",
            " [-1.8000e-01  5.0140e+00  2.4500e-01  1.0310e+01 -2.0000e+01  2.9600e-01\n",
            "   9.0500e+00  0.0000e+00 -9.9000e-02 -8.1100e-01 -7.7700e-01  8.2230e+00\n",
            "  -4.3700e-01 -8.7300e-01 -1.3820e+00  3.7600e-01 -8.9000e-02 -9.6400e-01\n",
            "  -8.1100e-01 -5.2900e-01]\n",
            " [ 1.7000e-02  1.2120e+00  1.4900e-01  2.0210e+00  2.9600e-01  1.6900e-01\n",
            "   1.9260e+00  0.0000e+00  1.1200e-01 -5.4700e-01 -5.1300e-01  1.9100e+00\n",
            "  -1.7300e-01 -6.0900e-01 -1.1180e+00  1.5300e-01  6.7000e-02 -7.0000e-01\n",
            "  -5.4700e-01 -2.6500e-01]\n",
            " [ 9.0200e-01  4.9110e+00  1.8350e+00  6.0520e+00  9.0500e+00  1.9260e+00\n",
            "   5.8320e+00  0.0000e+00  3.0900e+00  3.2480e+00  7.5400e+00  5.1390e+00\n",
            "   1.2775e+01  1.0210e+00  4.4900e-01  1.6030e+00  1.7920e+00  6.2880e+00\n",
            "   6.9610e+00  1.9440e+00]\n",
            " [ 0.0000e+00  0.0000e+00  0.0000e+00  0.0000e+00  0.0000e+00  0.0000e+00\n",
            "   0.0000e+00  0.0000e+00  0.0000e+00  0.0000e+00  0.0000e+00  0.0000e+00\n",
            "   0.0000e+00  0.0000e+00  0.0000e+00  0.0000e+00  0.0000e+00  0.0000e+00\n",
            "   0.0000e+00  0.0000e+00]\n",
            " [-1.8700e-01  1.7590e+00  8.8000e-02  3.3360e+00 -9.9000e-02  1.1200e-01\n",
            "   3.0900e+00  0.0000e+00 -1.0600e-01 -8.1800e-01 -7.8400e-01  3.0840e+00\n",
            "  -4.4300e-01 -8.7900e-01 -1.3890e+00  1.3300e-01 -9.6000e-02 -9.7100e-01\n",
            "  -8.1800e-01 -5.3600e-01]\n",
            " [-8.9900e-01  1.2780e+00 -5.7700e-01  3.6430e+00 -8.1100e-01 -5.4700e-01\n",
            "   3.2480e+00  0.0000e+00 -8.1800e-01 -1.5300e+00 -1.4960e+00  3.3680e+00\n",
            "  -1.1560e+00 -1.5920e+00 -2.1010e+00 -4.7600e-01 -8.0800e-01 -1.6830e+00\n",
            "  -1.5300e+00 -1.2480e+00]\n",
            " [-8.6500e-01  2.9520e+00 -5.4200e-01  8.7600e+00 -7.7700e-01 -5.1300e-01\n",
            "   7.5400e+00  0.0000e+00 -7.8400e-01 -1.4960e+00 -1.4610e+00  7.5380e+00\n",
            "  -1.1210e+00 -1.5570e+00 -2.0660e+00 -4.4100e-01 -7.7300e-01 -1.6490e+00\n",
            "  -1.4950e+00 -1.2140e+00]\n",
            " [ 9.2000e-01  4.5140e+00  1.8080e+00  5.2560e+00  8.2230e+00  1.9100e+00\n",
            "   5.1390e+00  0.0000e+00  3.0840e+00  3.3680e+00  7.5380e+00  4.5330e+00\n",
            "   1.1998e+01  1.1350e+00  8.1700e-01  1.5540e+00  1.7860e+00  6.6630e+00\n",
            "   7.0420e+00  2.0000e+00]\n",
            " [-5.2500e-01  6.0490e+00 -2.0200e-01  1.4958e+01 -4.3700e-01 -1.7300e-01\n",
            "   1.2775e+01  0.0000e+00 -4.4300e-01 -1.1560e+00 -1.1210e+00  1.1998e+01\n",
            "  -7.8100e-01 -1.2170e+00 -1.7260e+00 -1.0100e-01 -4.3300e-01 -1.3080e+00\n",
            "  -1.1550e+00 -8.7400e-01]\n",
            " [-9.6100e-01  3.9400e-01 -6.3800e-01  1.0980e+00 -8.7300e-01 -6.0900e-01\n",
            "   1.0210e+00  0.0000e+00 -8.7900e-01 -1.5920e+00 -1.5570e+00  1.1350e+00\n",
            "  -1.2170e+00 -1.6530e+00 -2.1620e+00 -5.3700e-01 -8.6900e-01 -1.7440e+00\n",
            "  -1.5910e+00 -1.3100e+00]\n",
            " [-1.4700e+00  9.9000e-02 -1.1480e+00  3.2200e-01 -1.3820e+00 -1.1180e+00\n",
            "   4.4900e-01  0.0000e+00 -1.3890e+00 -2.1010e+00 -2.0660e+00  8.1700e-01\n",
            "  -1.7260e+00 -2.1620e+00 -2.6720e+00 -1.0470e+00 -1.3790e+00 -2.2540e+00\n",
            "  -2.1010e+00 -1.8190e+00]\n",
            " [ 2.2000e-02  1.0480e+00  1.3400e-01  1.6600e+00  3.7600e-01  1.5300e-01\n",
            "   1.6030e+00  0.0000e+00  1.3300e-01 -4.7600e-01 -4.4100e-01  1.5540e+00\n",
            "  -1.0100e-01 -5.3700e-01 -1.0470e+00  1.2800e-01  7.2000e-02 -6.2900e-01\n",
            "  -4.7600e-01 -1.9400e-01]\n",
            " [-1.7700e-01  1.0540e+00  5.3000e-02  1.8900e+00 -8.9000e-02  6.7000e-02\n",
            "   1.7920e+00  0.0000e+00 -9.6000e-02 -8.0800e-01 -7.7300e-01  1.7860e+00\n",
            "  -4.3300e-01 -8.6900e-01 -1.3790e+00  7.2000e-02 -8.5000e-02 -9.6100e-01\n",
            "  -8.0700e-01 -5.2600e-01]\n",
            " [-1.0520e+00  2.0690e+00 -7.3000e-01  7.2990e+00 -9.6400e-01 -7.0000e-01\n",
            "   6.2880e+00  0.0000e+00 -9.7100e-01 -1.6830e+00 -1.6490e+00  6.6630e+00\n",
            "  -1.3080e+00 -1.7440e+00 -2.2540e+00 -6.2900e-01 -9.6100e-01 -1.8360e+00\n",
            "  -1.6830e+00 -1.4010e+00]\n",
            " [-8.9900e-01  2.6570e+00 -5.7700e-01  8.0690e+00 -8.1100e-01 -5.4700e-01\n",
            "   6.9610e+00  0.0000e+00 -8.1800e-01 -1.5300e+00 -1.4950e+00  7.0420e+00\n",
            "  -1.1550e+00 -1.5910e+00 -2.1010e+00 -4.7600e-01 -8.0700e-01 -1.6830e+00\n",
            "  -1.5300e+00 -1.2480e+00]\n",
            " [-6.1700e-01  9.4400e-01 -2.9500e-01  2.1000e+00 -5.2900e-01 -2.6500e-01\n",
            "   1.9440e+00  0.0000e+00 -5.3600e-01 -1.2480e+00 -1.2140e+00  2.0000e+00\n",
            "  -8.7400e-01 -1.3100e+00 -1.8190e+00 -1.9400e-01 -5.2600e-01 -1.4010e+00\n",
            "  -1.2480e+00 -9.6600e-01]]\n"
          ]
        }
      ]
    },
    {
      "cell_type": "code",
      "source": [
        "from sklearn.preprocessing import normalize\n",
        "\n",
        "Edge_array_min = Edge_array.min(axis=(1, 2), keepdims=True)\n",
        "Edge_array_max = Edge_array.max(axis=(1, 2), keepdims=True)\n",
        "\n",
        "Edge_array = (Edge_array - Edge_array_min)/(Edge_array_max-Edge_array_min)"
      ],
      "metadata": {
        "id": "cHzuawRtZzto"
      },
      "execution_count": null,
      "outputs": []
    },
    {
      "cell_type": "code",
      "source": [
        "for i in range(3):\n",
        "  print(Edge_array[i])"
      ],
      "metadata": {
        "colab": {
          "base_uri": "https://localhost:8080/"
        },
        "id": "ly80MB5ybInN",
        "outputId": "e67eb5eb-3b19-49a9-a258-a8599981df34"
      },
      "execution_count": null,
      "outputs": [
        {
          "output_type": "stream",
          "name": "stdout",
          "text": [
            "[[0.98245614 0.84210526 0.89473684 0.94736842 0.70175439 0.8245614\n",
            "  0.9122807  0.77192982 0.73684211 0.40350877 0.59649123 0.89473684\n",
            "  0.63157895 0.54385965 0.84210526 0.92982456 0.85964912 0.52631579\n",
            "  0.61403509 0.68421053]\n",
            " [0.84210526 0.68421053 0.71929825 0.75438596 0.50877193 0.64912281\n",
            "  0.70175439 0.64912281 0.57894737 0.35087719 0.54385965 0.80701754\n",
            "  0.56140351 0.42105263 0.70175439 0.77192982 0.73684211 0.42105263\n",
            "  0.45614035 0.57894737]\n",
            " [0.89473684 0.71929825 0.87719298 0.89473684 0.57894737 0.77192982\n",
            "  0.84210526 0.73684211 0.66666667 0.42105263 0.63157895 0.85964912\n",
            "  0.70175439 0.56140351 0.80701754 0.89473684 0.8245614  0.50877193\n",
            "  0.56140351 0.68421053]\n",
            " [0.94736842 0.75438596 0.89473684 0.96491228 0.70175439 0.87719298\n",
            "  0.85964912 0.78947368 0.68421053 0.49122807 0.68421053 0.87719298\n",
            "  0.68421053 0.57894737 0.85964912 0.96491228 0.89473684 0.54385965\n",
            "  0.61403509 0.73684211]\n",
            " [0.70175439 0.50877193 0.57894737 0.70175439 0.19298246 0.56140351\n",
            "  0.66666667 0.49122807 0.45614035 0.15789474 0.35087719 0.66666667\n",
            "  0.35087719 0.24561404 0.50877193 0.63157895 0.59649123 0.22807018\n",
            "  0.28070175 0.38596491]\n",
            " [0.8245614  0.64912281 0.77192982 0.87719298 0.56140351 0.84210526\n",
            "  0.80701754 0.66666667 0.61403509 0.40350877 0.56140351 0.78947368\n",
            "  0.8245614  0.50877193 0.73684211 0.80701754 0.78947368 0.42105263\n",
            "  0.52631579 0.61403509]\n",
            " [0.9122807  0.70175439 0.84210526 0.85964912 0.66666667 0.80701754\n",
            "  0.94736842 0.77192982 0.64912281 0.43859649 0.63157895 0.77192982\n",
            "  0.63157895 0.56140351 0.8245614  0.87719298 0.85964912 0.52631579\n",
            "  0.57894737 0.70175439]\n",
            " [0.77192982 0.64912281 0.73684211 0.78947368 0.49122807 0.66666667\n",
            "  0.77192982 0.75438596 0.61403509 0.33333333 0.52631579 0.77192982\n",
            "  0.54385965 0.45614035 0.70175439 0.77192982 0.71929825 0.42105263\n",
            "  0.49122807 0.54385965]\n",
            " [0.73684211 0.57894737 0.66666667 0.68421053 0.45614035 0.61403509\n",
            "  0.64912281 0.61403509 0.57894737 0.28070175 0.45614035 0.71929825\n",
            "  0.49122807 0.31578947 0.64912281 0.68421053 0.64912281 0.29824561\n",
            "  0.36842105 0.50877193]\n",
            " [0.40350877 0.35087719 0.42105263 0.49122807 0.15789474 0.40350877\n",
            "  0.43859649 0.33333333 0.28070175 0.         0.12280702 0.45614035\n",
            "  0.14035088 0.03508772 0.38596491 0.47368421 0.40350877 0.07017544\n",
            "  0.14035088 0.15789474]\n",
            " [0.59649123 0.54385965 0.63157895 0.68421053 0.35087719 0.56140351\n",
            "  0.63157895 0.52631579 0.45614035 0.12280702 0.38596491 0.63157895\n",
            "  0.33333333 0.21052632 0.59649123 0.66666667 0.59649123 0.24561404\n",
            "  0.35087719 0.35087719]\n",
            " [0.89473684 0.80701754 0.85964912 0.87719298 0.66666667 0.78947368\n",
            "  0.77192982 0.77192982 0.71929825 0.45614035 0.63157895 0.96491228\n",
            "  0.61403509 0.57894737 0.80701754 0.9122807  0.85964912 0.56140351\n",
            "  0.57894737 0.70175439]\n",
            " [0.63157895 0.56140351 0.70175439 0.68421053 0.35087719 0.8245614\n",
            "  0.63157895 0.54385965 0.49122807 0.14035088 0.33333333 0.61403509\n",
            "  0.42105263 0.28070175 0.54385965 0.71929825 0.63157895 0.22807018\n",
            "  0.36842105 0.38596491]\n",
            " [0.54385965 0.42105263 0.56140351 0.57894737 0.24561404 0.50877193\n",
            "  0.56140351 0.45614035 0.31578947 0.03508772 0.21052632 0.57894737\n",
            "  0.28070175 0.19298246 0.52631579 0.61403509 0.54385965 0.14035088\n",
            "  0.28070175 0.29824561]\n",
            " [0.84210526 0.70175439 0.80701754 0.85964912 0.50877193 0.73684211\n",
            "  0.8245614  0.70175439 0.64912281 0.38596491 0.59649123 0.80701754\n",
            "  0.54385965 0.52631579 0.8245614  0.84210526 0.80701754 0.45614035\n",
            "  0.52631579 0.61403509]\n",
            " [0.92982456 0.77192982 0.89473684 0.96491228 0.63157895 0.80701754\n",
            "  0.87719298 0.77192982 0.68421053 0.47368421 0.66666667 0.9122807\n",
            "  0.71929825 0.61403509 0.84210526 1.         0.85964912 0.56140351\n",
            "  0.61403509 0.70175439]\n",
            " [0.85964912 0.73684211 0.8245614  0.89473684 0.59649123 0.78947368\n",
            "  0.85964912 0.71929825 0.64912281 0.40350877 0.59649123 0.85964912\n",
            "  0.63157895 0.54385965 0.80701754 0.85964912 0.89473684 0.54385965\n",
            "  0.57894737 0.66666667]\n",
            " [0.52631579 0.42105263 0.50877193 0.54385965 0.22807018 0.42105263\n",
            "  0.52631579 0.42105263 0.29824561 0.07017544 0.24561404 0.56140351\n",
            "  0.22807018 0.14035088 0.45614035 0.56140351 0.54385965 0.24561404\n",
            "  0.24561404 0.29824561]\n",
            " [0.61403509 0.45614035 0.56140351 0.61403509 0.28070175 0.52631579\n",
            "  0.57894737 0.49122807 0.36842105 0.14035088 0.35087719 0.57894737\n",
            "  0.36842105 0.28070175 0.52631579 0.61403509 0.57894737 0.24561404\n",
            "  0.38596491 0.40350877]\n",
            " [0.68421053 0.57894737 0.68421053 0.73684211 0.38596491 0.61403509\n",
            "  0.70175439 0.54385965 0.50877193 0.15789474 0.35087719 0.70175439\n",
            "  0.38596491 0.29824561 0.61403509 0.70175439 0.66666667 0.29824561\n",
            "  0.40350877 0.47368421]]\n",
            "[[0.1147541  0.06229508 0.12459016 0.1147541  0.04590164 0.10819672\n",
            "  0.0852459  0.37377049 0.07868852 0.38688525 0.56721311 0.17704918\n",
            "  0.08196721 0.2        0.10491803 0.20655738 0.22622951 0.12131148\n",
            "  0.20983607 0.32786885]\n",
            " [0.06229508 0.04262295 0.10819672 0.11147541 0.03934426 0.09180328\n",
            "  0.10819672 0.18688525 0.05245902 0.10491803 0.15081967 0.06229508\n",
            "  0.02622951 0.10163934 0.06229508 0.14098361 0.1147541  0.04590164\n",
            "  0.1442623  0.14098361]\n",
            " [0.12459016 0.10819672 0.06885246 0.09836066 0.06557377 0.09508197\n",
            "  0.0852459  0.25901639 0.07868852 0.16393443 0.20327869 0.12459016\n",
            "  0.01967213 0.0852459  0.06885246 0.13442623 0.14754098 0.06557377\n",
            "  0.16065574 0.16065574]\n",
            " [0.1147541  0.11147541 0.09836066 0.07540984 0.0295082  0.05245902\n",
            "  0.12131148 0.26885246 0.10163934 0.13770492 0.19344262 0.17377049\n",
            "  0.03934426 0.10163934 0.07213115 0.11803279 0.12131148 0.07540984\n",
            "  0.16721311 0.1704918 ]\n",
            " [0.04590164 0.03934426 0.06557377 0.0295082  0.15409836 0.03934426\n",
            "  0.02622951 0.1704918  0.03278689 0.10491803 0.15737705 0.04262295\n",
            "  0.03278689 0.10163934 0.07540984 0.08852459 0.06885246 0.05245902\n",
            "  0.13770492 0.1704918 ]\n",
            " [0.10819672 0.09180328 0.09508197 0.05245902 0.03934426 0.01967213\n",
            "  0.05901639 0.24262295 0.05245902 0.09180328 0.1704918  0.10163934\n",
            "  0.         0.06557377 0.07213115 0.14098361 0.08852459 0.06885246\n",
            "  0.10163934 0.14754098]\n",
            " [0.0852459  0.10819672 0.0852459  0.12131148 0.02622951 0.05901639\n",
            "  0.02622951 0.17377049 0.07540984 0.11147541 0.1704918  0.22622951\n",
            "  0.03606557 0.06885246 0.05245902 0.13114754 0.08852459 0.04590164\n",
            "  0.12786885 0.12459016]\n",
            " [0.37377049 0.18688525 0.25901639 0.26885246 0.1704918  0.24262295\n",
            "  0.17377049 0.24262295 0.12786885 0.35409836 0.50491803 0.29836066\n",
            "  0.10163934 0.21639344 0.2        0.47213115 0.37704918 0.16721311\n",
            "  0.33442623 0.59672131]\n",
            " [0.07868852 0.05245902 0.07868852 0.10163934 0.03278689 0.05245902\n",
            "  0.07540984 0.12786885 0.02295082 0.0852459  0.15737705 0.06557377\n",
            "  0.01967213 0.12131148 0.04590164 0.13770492 0.1147541  0.07213115\n",
            "  0.14098361 0.13442623]\n",
            " [0.38688525 0.10491803 0.16393443 0.13770492 0.10491803 0.09180328\n",
            "  0.11147541 0.35409836 0.0852459  0.26229508 0.75081967 0.1704918\n",
            "  0.14098361 0.33442623 0.13114754 0.20983607 0.21639344 0.12786885\n",
            "  0.26229508 0.70491803]\n",
            " [0.56721311 0.15081967 0.20327869 0.19344262 0.15737705 0.1704918\n",
            "  0.1704918  0.50491803 0.15737705 0.75081967 0.5442623  0.27868852\n",
            "  0.18688525 0.5704918  0.14754098 0.30163934 0.35737705 0.21967213\n",
            "  0.34098361 1.        ]\n",
            " [0.17704918 0.06229508 0.12459016 0.17377049 0.04262295 0.10163934\n",
            "  0.22622951 0.29836066 0.06557377 0.1704918  0.27868852 0.06229508\n",
            "  0.06557377 0.10163934 0.10819672 0.16393443 0.16065574 0.06229508\n",
            "  0.20655738 0.21639344]\n",
            " [0.08196721 0.02622951 0.01967213 0.03934426 0.03278689 0.\n",
            "  0.03606557 0.10163934 0.01967213 0.14098361 0.18688525 0.06557377\n",
            "  0.01639344 0.06229508 0.04918033 0.04262295 0.04918033 0.05245902\n",
            "  0.05901639 0.16721311]\n",
            " [0.2        0.10163934 0.0852459  0.10163934 0.10163934 0.06557377\n",
            "  0.06885246 0.21639344 0.12131148 0.33442623 0.5704918  0.10163934\n",
            "  0.06229508 0.1704918  0.05901639 0.1147541  0.12459016 0.13114754\n",
            "  0.1442623  0.3704918 ]\n",
            " [0.10491803 0.06229508 0.06885246 0.07213115 0.07540984 0.07213115\n",
            "  0.05245902 0.2        0.04590164 0.13114754 0.14754098 0.10819672\n",
            "  0.04918033 0.05901639 0.03278689 0.12131148 0.10163934 0.05901639\n",
            "  0.13442623 0.18688525]\n",
            " [0.20655738 0.14098361 0.13442623 0.11803279 0.08852459 0.14098361\n",
            "  0.13114754 0.47213115 0.13770492 0.20983607 0.30163934 0.16393443\n",
            "  0.04262295 0.1147541  0.12131148 0.10819672 0.22295082 0.09836066\n",
            "  0.2295082  0.3442623 ]\n",
            " [0.22622951 0.1147541  0.14754098 0.12131148 0.06885246 0.08852459\n",
            "  0.08852459 0.37704918 0.1147541  0.21639344 0.35737705 0.16065574\n",
            "  0.04918033 0.12459016 0.10163934 0.22295082 0.09180328 0.06229508\n",
            "  0.1704918  0.2557377 ]\n",
            " [0.12131148 0.04590164 0.06557377 0.07540984 0.05245902 0.06885246\n",
            "  0.04590164 0.16721311 0.07213115 0.12786885 0.21967213 0.06229508\n",
            "  0.05245902 0.13114754 0.05901639 0.09836066 0.06229508 0.01967213\n",
            "  0.10163934 0.2       ]\n",
            " [0.20983607 0.1442623  0.16065574 0.16721311 0.13770492 0.10163934\n",
            "  0.12786885 0.33442623 0.14098361 0.26229508 0.34098361 0.20655738\n",
            "  0.05901639 0.1442623  0.13442623 0.2295082  0.1704918  0.10163934\n",
            "  0.10491803 0.27540984]\n",
            " [0.32786885 0.14098361 0.16065574 0.1704918  0.1704918  0.14754098\n",
            "  0.12459016 0.59672131 0.13442623 0.70491803 1.         0.21639344\n",
            "  0.16721311 0.3704918  0.18688525 0.3442623  0.2557377  0.2\n",
            "  0.27540984 0.49508197]]\n",
            "[[0.56444877 0.58724755 0.57240117 0.59860404 0.56696607 0.57260141\n",
            "  0.5979175  0.57211511 0.56676583 0.54639854 0.54737113 0.5984324\n",
            "  0.55709709 0.54462498 0.53006465 0.57274444 0.56705189 0.54202185\n",
            "  0.54639854 0.55446536]\n",
            " [0.58724755 0.6784427  0.60509755 0.72006408 0.71554437 0.60678529\n",
            "  0.71259797 0.57211511 0.62243263 0.60867327 0.6565593  0.70124149\n",
            "  0.74515132 0.58338578 0.57494708 0.60209394 0.60226558 0.63130042\n",
            "  0.6481206  0.59911894]\n",
            " [0.57240117 0.60509755 0.57583386 0.62706677 0.57912352 0.57637737\n",
            "  0.62460667 0.57211511 0.57463242 0.55560959 0.55661079 0.62383432\n",
            "  0.56633675 0.55386464 0.5392757  0.57594828 0.57363121 0.55123291\n",
            "  0.55560959 0.56367641]\n",
            " [0.59860404 0.72006408 0.62706677 0.7515018  0.86704045 0.62992734\n",
            "  0.74523714 0.57211511 0.66754391 0.67632588 0.82270153 0.72246696\n",
            "  1.         0.60352423 0.58132616 0.61960066 0.62617999 0.78090852\n",
            "  0.80293495 0.6321872 ]\n",
            " [0.56696607 0.71554437 0.57912352 0.86704045 0.         0.58058241\n",
            "  0.8309972  0.57211511 0.56928314 0.54891584 0.54988844 0.80734024\n",
            "  0.55961439 0.54714229 0.53258196 0.58287087 0.5695692  0.54453916\n",
            "  0.54891584 0.55698266]\n",
            " [0.57260141 0.60678529 0.57637737 0.62992734 0.58058241 0.57694948\n",
            "  0.62720979 0.57211511 0.57531895 0.55646776 0.55744036 0.6267521\n",
            "  0.56716631 0.5546942  0.54013387 0.57649179 0.5740317  0.55209108\n",
            "  0.55646776 0.56453458]\n",
            " [0.5979175  0.71259797 0.62460667 0.74523714 0.8309972  0.62720979\n",
            "  0.73894388 0.57211511 0.66050689 0.6650266  0.78780251 0.71912009\n",
            "  0.93755364 0.60132159 0.58495909 0.61797014 0.62337662 0.7519881\n",
            "  0.77123977 0.6277247 ]\n",
            " [0.57211511 0.57211511 0.57211511 0.57211511 0.57211511 0.57211511\n",
            "  0.57211511 0.57211511 0.57211511 0.57211511 0.57211511 0.57211511\n",
            "  0.57211511 0.57211511 0.57211511 0.57211511 0.57211511 0.57211511\n",
            "  0.57211511 0.57211511]\n",
            " [0.56676583 0.62243263 0.57463242 0.66754391 0.56928314 0.57531895\n",
            "  0.66050689 0.57211511 0.5690829  0.5487156  0.5496882  0.66033526\n",
            "  0.55944276 0.54697065 0.53238172 0.57591968 0.56936896 0.54433892\n",
            "  0.5487156  0.55678242]\n",
            " [0.54639854 0.60867327 0.55560959 0.67632588 0.54891584 0.55646776\n",
            "  0.6650266  0.57211511 0.5487156  0.5283483  0.5293209  0.66845929\n",
            "  0.53904686 0.52657475 0.51201442 0.55849877 0.54900166 0.52397162\n",
            "  0.5283483  0.53641513]\n",
            " [0.54737113 0.6565593  0.55661079 0.82270153 0.54988844 0.55744036\n",
            "  0.78780251 0.57211511 0.5496882  0.5293209  0.5303221  0.78774529\n",
            "  0.54004806 0.52757595 0.51301562 0.55949997 0.55000286 0.52494422\n",
            "  0.52934951 0.53738772]\n",
            " [0.5984324  0.70124149 0.62383432 0.72246696 0.80734024 0.6267521\n",
            "  0.71912009 0.57211511 0.66033526 0.66845929 0.78774529 0.701785\n",
            "  0.91532696 0.60458264 0.59548601 0.61656845 0.62320499 0.76271526\n",
            "  0.77355684 0.62932662]\n",
            " [0.55709709 0.74515132 0.56633675 1.         0.55961439 0.56716631\n",
            "  0.93755364 0.57211511 0.55944276 0.53904686 0.54004806 0.91532696\n",
            "  0.54977401 0.53730191 0.52274158 0.56922593 0.55972882 0.53469878\n",
            "  0.53907546 0.54711368]\n",
            " [0.54462498 0.58338578 0.55386464 0.60352423 0.54714229 0.5546942\n",
            "  0.60132159 0.57211511 0.54697065 0.52657475 0.52757595 0.60458264\n",
            "  0.53730191 0.5248298  0.51026947 0.55675382 0.54725671 0.52222667\n",
            "  0.52660335 0.53464157]\n",
            " [0.53006465 0.57494708 0.5392757  0.58132616 0.53258196 0.54013387\n",
            "  0.58495909 0.57211511 0.53238172 0.51201442 0.51301562 0.59548601\n",
            "  0.52274158 0.51026947 0.49568053 0.54216488 0.53266777 0.50763774\n",
            "  0.51201442 0.52008124]\n",
            " [0.57274444 0.60209394 0.57594828 0.61960066 0.58287087 0.57649179\n",
            "  0.61797014 0.57211511 0.57591968 0.55849877 0.55949997 0.61656845\n",
            "  0.56922593 0.55675382 0.54216488 0.57577665 0.57417472 0.55412209\n",
            "  0.55849877 0.56656559]\n",
            " [0.56705189 0.60226558 0.57363121 0.62617999 0.5695692  0.5740317\n",
            "  0.62337662 0.57211511 0.56936896 0.54900166 0.55000286 0.62320499\n",
            "  0.55972882 0.54725671 0.53266777 0.57417472 0.56968362 0.54462498\n",
            "  0.54903026 0.55706848]\n",
            " [0.54202185 0.63130042 0.55123291 0.78090852 0.54453916 0.55209108\n",
            "  0.7519881  0.57211511 0.54433892 0.52397162 0.52494422 0.76271526\n",
            "  0.53469878 0.52222667 0.50763774 0.55412209 0.54462498 0.51959494\n",
            "  0.52397162 0.53203845]\n",
            " [0.54639854 0.6481206  0.55560959 0.80293495 0.54891584 0.55646776\n",
            "  0.77123977 0.57211511 0.5487156  0.5283483  0.52934951 0.77355684\n",
            "  0.53907546 0.52660335 0.51201442 0.55849877 0.54903026 0.52397162\n",
            "  0.5283483  0.53641513]\n",
            " [0.55446536 0.59911894 0.56367641 0.6321872  0.55698266 0.56453458\n",
            "  0.6277247  0.57211511 0.55678242 0.53641513 0.53738772 0.62932662\n",
            "  0.54711368 0.53464157 0.52008124 0.56656559 0.55706848 0.53203845\n",
            "  0.53641513 0.54448195]]\n"
          ]
        }
      ]
    },
    {
      "cell_type": "code",
      "source": [
        "Edge_array_mean = Edge_array.mean(axis=(1,2))\n",
        "Edge_array_mean"
      ],
      "metadata": {
        "colab": {
          "base_uri": "https://localhost:8080/"
        },
        "id": "Xx_5ej9homiF",
        "outputId": "02542325-b68a-456b-9595-8782e68c3fd3"
      },
      "execution_count": null,
      "outputs": [
        {
          "output_type": "execute_result",
          "data": {
            "text/plain": [
              "array([0.59109649, 0.15603279, 0.59489015, 0.38974633, 0.50363426,\n",
              "       0.52653659, 0.60471948, 0.76878379, 0.56266117, 0.53057598,\n",
              "       0.57986207, 0.61436782, 0.15306745, 0.56983333, 0.60842784,\n",
              "       0.50296988, 0.54729941, 0.61975911, 0.57160584, 0.6415    ,\n",
              "       0.61390326, 0.50737474, 0.59040541, 0.51864754, 0.61432692,\n",
              "       0.613125  , 0.43847222, 0.51308824, 0.618125  , 0.49270833,\n",
              "       0.51356061, 0.50010417, 0.57910714, 0.48721429, 0.51366667,\n",
              "       0.04009828, 0.72200325, 0.56427195, 0.64890556, 0.57120727,\n",
              "       0.85065789, 0.49907982, 0.49562587, 0.51655357, 0.46492713,\n",
              "       0.55361853, 0.57487634])"
            ]
          },
          "metadata": {},
          "execution_count": 152
        }
      ]
    },
    {
      "cell_type": "code",
      "source": [
        "Edge_array.shape[0]"
      ],
      "metadata": {
        "colab": {
          "base_uri": "https://localhost:8080/"
        },
        "id": "JbRLA8rj2ZBS",
        "outputId": "9bfd7240-42e3-4010-cf2d-5aa864fe5042"
      },
      "execution_count": null,
      "outputs": [
        {
          "output_type": "execute_result",
          "data": {
            "text/plain": [
              "47"
            ]
          },
          "metadata": {},
          "execution_count": 154
        }
      ]
    },
    {
      "cell_type": "code",
      "source": [
        "Edge_Weight_amino = np.zeros((20,47))\n",
        "Edge_Weight_mean = np.zeros((20,1))\n",
        "\n",
        "\n",
        "for i in range(Edge_array.shape[1]):\n",
        "  for j in range(Edge_array.shape[2]):\n",
        "    for k in range(Edge_array.shape[0]):\n",
        "      Edge_Weight_amino[j][k] = Edge_array[k][i][j]\n",
        "\n",
        "    Edge_Weight_mean[i] = Edge_Weight_amino[i].mean()  \n",
        "\n",
        "#print(Edge_Weight_amino)\n",
        "print(Edge_Weight_mean)\n",
        "\n",
        "    "
      ],
      "metadata": {
        "colab": {
          "base_uri": "https://localhost:8080/"
        },
        "id": "kjyZtoIA3p7x",
        "outputId": "f263b6fe-07ec-43bb-ebb4-12a3383e62d1"
      },
      "execution_count": null,
      "outputs": [
        {
          "output_type": "stream",
          "name": "stdout",
          "text": [
            "[[0.5190925 ]\n",
            " [0.6017993 ]\n",
            " [0.50375305]\n",
            " [0.61648838]\n",
            " [0.08104444]\n",
            " [0.57231741]\n",
            " [0.68926658]\n",
            " [0.51389621]\n",
            " [0.39892856]\n",
            " [0.33334969]\n",
            " [0.34507195]\n",
            " [0.75298916]\n",
            " [0.3828054 ]\n",
            " [0.31082132]\n",
            " [0.58727307]\n",
            " [0.54390252]\n",
            " [0.54730244]\n",
            " [0.4021632 ]\n",
            " [0.44745674]\n",
            " [0.36327849]]\n"
          ]
        }
      ]
    },
    {
      "cell_type": "code",
      "source": [
        "f = open(\"Edge_Weights.txt\", \"w+\")\n",
        "\n",
        "f.write( str(Edge_Weight_mean))\n",
        "f.write( str(Edge_Weight_mean))"
      ],
      "metadata": {
        "colab": {
          "base_uri": "https://localhost:8080/"
        },
        "id": "jmN5MYiKIbyB",
        "outputId": "958999e1-f9bf-4956-ba8a-331a98555d3f"
      },
      "execution_count": null,
      "outputs": [
        {
          "output_type": "execute_result",
          "data": {
            "text/plain": [
              "280"
            ]
          },
          "metadata": {},
          "execution_count": 200
        }
      ]
    }
  ]
}